Apple	Orange	Mango
0.3272732190743056	0.4538305762251601	0.060361627686196795
0.6370490983862445	0.2613496678515904	0.8093859315988453
0.1430165677183366	0.14098051114061338	0.40771402145689295
0.8527132960089431	0.6423941827293541	0.3155438937170494
0.7632540907126166	0.4711762657107126	0.6415006470361196
0.7612841401603477	0.3857904742836452	0.7134987918531507
0.2796707459669422	0.45076017704262006	0.6311826504352258
0.8100213504537338	0.4848428096925693	0.2446954530824148
0.2956691599629505	0.784284316612181	0.70460861781859
0.8989275823628478	0.2707772623409629	0.36273874686822893
0.8149663890732048	0.7345485293253446	0.4971335114661678
0.0023222496110293367	0.9288848916491879	0.07372172394185306
0.6049921984787016	0.5863323250072252	0.08612205063569867
0.2938857396159268	0.5541697702569218	0.5369189268836323
0.23348036455973187	0.8958822888632372	0.3830345558075886
0.5605354864574554	0.039230763696473936	0.6309614910740281
0.8646784633365416	0.03272644123922874	0.5395380754618673
0.9122803293408298	0.33812304925387926	0.8499187775706027
0.3500730579533221	0.44842532038577365	0.23338948697263584
0.4284233892579139	0.19259733610238494	0.27965347091565007
0.8414883621363576	0.4146422472623409	0.7841590474868855
0.17196059368177874	0.6938616667191669	0.585515234478616
0.7156388746428763	0.6297495798587546	0.5105360509969857
0.36453051052622965	0.8067375136488836	0.6247849698135509
0.05222302166732262	0.35616067909722904	0.5660970859718774
0.5072855624257964	0.3688281377811774	0.3103767255783244
0.8081007059787303	0.4644188470511178	0.8753079943940937
0.9689299335784397	0.1819961019078592	0.32212722727635346
0.4055401220838256	0.31638197939571655	0.35434042132955457
0.4481282851711248	0.8958479565042407	0.8614016266762687
0.8523652954907855	0.007096667637013554	0.6320489876119361
0.7076360734980264	0.12371229601675415	0.8434484515951064
0.05737113947384964	0.3385040590023516	0.19709116348859312
0.8228132956869495	0.9833090473387045	0.23654607807519346
0.4387640723357684	0.550193733369887	0.6714682038336132
0.6855076394945266	0.2913612236680567	9.747547769735077E-4
0.6616715814795002	0.3621188772785875	0.554384379381431
0.7503611671468426	0.41008009558893577	0.6145742302764968
0.7198566101860738	0.16748422194041568	0.7708045539710501
0.6460040663282011	0.11192810989055313	0.15233294897236993
0.10546363550519844	0.1737699337873274	0.09584938363044304
0.7368299016237199	0.3373685627499595	0.5192032518895955
0.41957477657790365	0.1457846983980331	0.580492063849988
0.497447546860449	0.8303609186912027	0.7191234242607789
0.06810565968915372	0.9233520642192963	0.46907595203898245
0.43370538028377115	0.9819459489677224	0.026904835651314407
0.18653749775031359	0.6312030623776125	0.4399967708052832
0.5804813423142423	0.8490481384368478	0.9579354172416003
0.3394513321011893	0.08022496785208877	0.904399585129464
0.4532081276741192	0.9711443302439323	0.8951634056832141
0.9649673871132302	0.18462906745654906	0.3227209117162023
0.9002053678512328	0.9311206793157778	0.8220309311560857
0.7700361790306416	0.7429499559322305	0.22602164926274793
0.06604732516078093	0.4197547299619584	0.5592811003083565
0.04199243397204455	0.9030522748834122	0.7108472005335531
0.6490075888370662	0.10897748328425838	0.24508773887260416
0.008656708415682446	0.35034918936323567	0.38723186309486457
0.6315670585734127	0.8324347063727833	0.11085751224894291
0.25921701799177443	0.31895720351065016	0.04572296675292342
0.5424001503127237	0.2497872093686192	0.2653058876687636
0.8086838435566591	0.06912524934086939	0.0391016706391103
0.228394143846661	0.3424585918670534	0.6298626566867112
0.5492985220466579	0.4394592735595396	0.587859550669982
0.780207168409845	0.18381872010636136	0.08884616775890863
0.6541785899136547	0.45456817835040964	0.8773693222419345
0.1656104839322633	0.5486209390136837	0.5947594473790471
0.47486712244367546	0.030009644002590763	0.05284986016670279
0.8292411633868263	0.09930554351952003	0.46598329865928145
0.7703545892681359	0.3959162918634733	0.5913386020651916
0.8601372904098056	0.3068299008104882	0.5414216068372835
0.8074779841121871	0.584410960169393	0.2654829748556047
0.701143275713485	0.5491504728438319	0.6215200409709343
0.24015894399315374	0.8667257951206897	0.1614645406078845
0.965432670570588	0.27140412259450086	0.6816321535131392
0.38838648317014224	0.35354956828268047	0.29406132712333644
0.9703518978460619	0.9001284817820379	0.44292355938737593
0.9497190570970441	0.6031436025436263	0.018901565531160625
0.6297675882535597	0.7633128349886951	0.8257361883884231
0.560789114379879	0.3296648690643318	0.09040287873267172
0.44220375940096257	0.3843472689602502	0.6853081670898981
0.4301298420295554	0.5292666021954806	0.19064074934445518
0.3492600809326626	0.6685760588617121	0.6815611503392816
0.354773643155164	0.20113943312461602	0.5682367434772905
0.13995960045972278	0.08557673007745215	0.6018036766373609
0.3515321374377808	0.5388100965957169	0.007964166350765356
0.06151081665430558	0.5397678697691225	0.42300657873676173
0.341574215161644	0.004708488689743051	0.3036778627910358
0.13208679888744435	0.2096597465139911	0.6510121234893325
0.4576600525739938	0.1260963171357825	0.2537965292861698
0.9000979551633308	0.8870423237692	0.3367445623164873
0.6528281867818061	0.5076506175365338	0.636192267809193
0.6674194061891215	0.8485687971551913	0.770169656880967
0.10501106189442133	0.3369141349048561	0.7661353011719277
0.3983524851744682	0.8023283973225164	0.36426122698322216
0.08338356236241995	0.2519363105500926	0.8869416466576545
0.12585562844620513	0.151773870321393	0.1332948641913705
0.29051955697138754	0.581089278096958	0.5000922922765879
0.892750335423756	0.5613167388615389	0.45900819606225374
0.46280695855887555	0.6854746237812525	0.6936220998289451
0.4260417483045378	0.3664392399523482	0.3380184426157622
0.11509108788055056	0.01364368928099613	0.880181342481567
0.43192032423746085	0.6925875708851656	0.8747228370163387
0.5910938695854835	0.89251244660392	0.08688858460695315
0.7590305807836552	0.5995678629151756	0.5829533416734594
0.03758089333638526	0.4502118331735918	0.9473379961519465
0.6466824127736689	0.19170562968681037	0.7910143681868236
0.9881845323842419	0.11590471307001471	0.9031831298865135
0.8381914620208469	0.3905639575083164	0.609378646009848
0.0247772442883879	0.13492075245732915	0.3217588895963589
0.779693664626812	0.09033474897601379	0.06610242851575243
0.5047402154623564	0.5383884032208884	0.4422617434229542
0.27068784357917075	0.2617856640354965	0.9866743414647776
0.7976761044403945	0.12522977855878947	0.3630002645070002
0.4101940508700307	0.4664009131503677	0.3841335455090287
0.48323629432207904	0.658156709107714	0.9349410212613802
0.16462801425307283	0.3375115054967748	0.7203584386391394
0.8128110721052053	0.5982645593042129	0.11287604306005161
0.34000813733894375	0.20105977122941554	0.6357904130135074
0.6437800747186955	0.055944217750296565	0.38756215984149556
0.6885329701950369	0.8883456467093571	0.15474171881795606
0.39962796448001914	0.01696955379063625	0.6545480099651576
0.631372718608554	0.3517004037951652	0.035947103354640575
0.19816304203838075	0.4064977361952037	0.7143972309407098
0.9960548653069189	0.26843888562189455	0.7291294813694745
0.6008711038652348	0.8219423086644453	0.41280193633143103
0.9053244269675896	0.917444269805086	0.24091350666678013
0.8685082313232984	0.23672185292916725	0.7576979283284783
0.7189185007892952	0.1670033067981994	0.3271641245366689
0.7326742528294867	0.1361009093282286	0.6558551269584962
0.7212954682689646	0.024574626789232057	0.5803503458284694
0.5034759332585927	0.17595160271493493	0.8273150329089503
0.11484723864332402	0.3934508489962213	0.7333156182483126
0.4945256805389391	0.8843764812723596	0.038142369924845876
0.16423012844751284	0.1540583299924092	0.46522591769077304
0.8453412961879994	0.28071980768796156	0.7677920716985951
0.9347739809059655	0.5570867658281144	0.07869198293940172
0.6165039807153905	0.739410613168967	0.44637900256246577
0.6649477666073491	0.9717982817367495	0.07322426512448932
0.7053603064121047	0.44704954455145585	0.28056390809789855
0.14492672921519345	0.9876412795058154	0.1202551812053606
0.5321570509135168	0.40677695887482235	0.6778009615124201
0.5726431944663491	0.604481696520072	0.5468039206780434
0.352690659919653	0.9477172360850048	0.2923678825833801
0.8044174581039505	0.07202370712495576	0.7531922353452567
0.41012398873904	0.9595355599500357	0.5898338360739579
0.08532858448847647	0.8298655929392441	0.16664501240187668
0.31373736228963645	0.7500951957352093	0.5682004320751728
0.6577518700531589	0.8555353759051372	0.3056055027670189
0.06607538931942047	0.22196718157763495	0.314544096734118
0.8246856284914681	0.6200678019352869	0.28451227810474156
0.014142506234431806	0.4820968831049608	0.5181303678780684
0.3542170640740604	0.2723786372228423	0.9078498132277772
0.8087750074492589	0.586124052033636	0.9290771507991002
0.6162102156031106	0.7899079509936775	0.21459954984066154
0.7747422522300047	0.7194124189047785	0.24200495756489404
0.6523928119270346	0.7306515935280318	0.5657585357380498
0.1500414159864354	0.12237282420690765	0.614888893059114
0.9036966185258308	0.15956983591531215	0.7912115243924829
0.595663723986215	0.6666351216018586	0.29456268534178054
0.5080713381223706	0.9811190255131188	0.49766455558832823
0.5281156510449887	0.41639402580082696	0.8239285557946789
0.6890215965638495	0.6418329099905928	0.9031765979659078
0.9293375542117228	0.29804492993124	0.43569255815464814
0.5776596306405952	0.24690189299394638	0.8195361845059405
0.7574166209625497	0.23014189343277613	0.29903237948824457
0.9438533567578061	0.008847243634242385	0.011674595178068903
0.25355252968381214	0.6107280340435621	0.7565563013380673
0.39667732415244417	0.48282941526793544	0.7807122143200498
0.8248934587622787	0.8430571789180585	0.968639297491742
0.08932400870644353	0.7819029526496774	0.44820129570005696
0.7097806153106948	0.8233760438259706	0.04201700129130859
0.3142522454229909	0.36854911523470446	0.464634224569622
0.9041596194169694	0.7823648233025787	0.7525410969904159
0.3828686433613758	0.7198715218704883	0.17318175010455572
0.3698523329749904	0.12852241193405212	0.043293438515367266
0.1795547915508271	0.21859182803751465	0.17463841857611284
0.05332117835353878	0.5975773173158351	0.17573151738425352
0.8883476880209672	0.7579730802053216	0.6532824562643573
0.8356636897453927	0.974137900958661	0.49198659689940083
0.7849013065122303	0.41544029099128976	0.6242834372997567
8.872592808980562E-4	0.3743635081837674	0.39151973224467573
0.13623383998665506	0.9682502448703032	0.5867624133469165
0.8619477985330845	0.8124201918873161	0.18760099689982612
0.1727958132740257	0.2382514875000421	0.5448542791661962
0.7063776967862785	0.8167321235127508	0.7629258674700614
0.605058350199667	0.1766058107428884	0.37124127597326395
0.5212456266422602	0.8092784038493355	0.33541050346007384
0.11046844517597976	0.07023444333564277	0.4095969482909668
0.008219761556076621	0.9540178135107669	0.5429773264791498
0.7734760253280011	0.27848774906852003	0.46705281313057323
0.1030618677921542	0.15742513417399173	0.4999940925169366
0.3255079248815028	0.9217866243475056	0.6549024071373669
0.6412517306128224	0.8504468363876915	0.429876213362535
0.7042221050717967	0.046282277719822074	0.16189002886544446
0.45579380577473216	0.37915494788964754	0.07199449434655181
0.4799747450762112	0.004344011741889919	0.05307212064173317
0.21962807466044587	0.11009867469941026	0.8521102307720978
0.9268980300683438	0.3162013714289532	0.688738051906622
0.8403721947775689	0.34180061289184716	0.021628523674319444
0.33792016486812715	0.731500948702163	0.7594621095196701
0.43814761408300007	0.4788686044491881	0.7614302779258082
0.7859378195663256	0.8809284370554061	0.18912965636934198
0.5686550083533892	0.6395233476206059	0.932204699198907
0.15252626780720147	0.009308091183558354	0.018716118182206087
0.7460024027659644	0.44757591484123127	0.4782201186382893
0.41327009182830265	0.19651215479336825	0.6475473617821577
0.7474662586668852	0.5195071671190509	0.8703805846935853
0.964120123183066	0.006757603801026857	0.5704624693373834
0.09167145391349352	0.45665041248664906	0.744134798889795
0.07210536621992791	0.1379748137529787	0.6503350010137658
0.34077409248398993	0.6487911983841921	0.557118166671834
0.25910520094077194	0.7703168755515165	0.4442637954594637
0.026160797303097505	0.09287037582898006	0.5909860559026009
0.7989420681890439	0.5078285201207005	0.6437713780351996
0.49785327205176744	0.7298886449484115	0.5542730827381822
0.29239145475074657	0.06297350781801359	0.07677209521798634
0.4840166684108739	0.5524130530798136	0.9327043438705547
0.04529877911823843	0.8151687740866715	0.28099628790765696
0.6743792125249632	0.27900396321731435	0.776479024108587
0.3221954986611737	0.6686054765174531	0.5209564856080754
0.9375164214097244	0.6220181880518398	0.9288093931694521
0.3888445833389952	2.4172214787920865E-4	0.45627014805972077
0.4962522443933689	0.7800754780028315	0.5764662680978114
0.04611996252913697	0.10659254738385604	0.9479342551503781
0.3391676045451044	0.5013543483249578	0.153171782557468
0.3455128511453266	0.28035795548215836	0.7275857147582078
0.5825521613884616	0.9210327640352419	0.9341789240125672
0.6612118589949901	0.24943615696034527	0.6663506781916322
0.3311221753333021	0.9547166913553234	0.43095011581153153
0.8698483816894962	0.13775195343238877	0.024940611712732874
0.6543745804122407	0.7055742089027977	0.9060325559280571
0.1982373716448418	0.7277565967286517	0.5024162914831035
0.6073399899002215	0.5389738026815531	0.8794401778909918
0.2802520230660229	0.6584636240566416	0.8316180745264499
0.2104028655892003	0.9144325767548919	0.460380575221465
0.10170046813420719	0.2423879621940146	0.5956252251983273
0.06531150863087198	0.007220391197871989	0.20517336463236702
0.08894997343685962	0.963543712142245	0.40961223315602846
0.8479199396058377	0.6645115485158334	0.13873353373897745
0.4421714728349716	0.9823930718763078	0.47084169643799534
0.47887683114258406	0.4338819295508096	0.6699538799256137
0.5534304335921766	0.34986283781672245	0.11787368289362155
0.9495665897334422	0.682439638041763	0.6395031306118307
0.6562806762327883	0.27067176738367915	0.6468557618024441
0.862154308341421	0.14705569528933404	0.3426251272046399
0.6967530614827601	0.9775292463994542	0.4433396617255634
0.9415044146375221	0.37100224192092646	0.42201828909349415
0.31227142145915465	0.32543768834194864	0.03467415501192361
0.47681885120952794	0.18766272306244935	0.3012081893210067
0.06855160097786617	0.5043978353020943	0.029752869913554747
0.6577425449762246	0.8025766813745013	0.7732879982709786
0.09529599792200028	0.6361904023924351	0.9657252408451563
0.5609463984025421	0.742523254227601	0.3416555522684771
0.6367138421410039	0.9753788470048276	0.7480611689763054
0.5182395238221348	0.4231089528626316	0.4684616188645526
0.9966766840471329	0.9069111690144498	0.8708217780798684
0.32736774158269155	0.8197580929980477	0.4848161862692866
0.9116367170533536	0.5252318480486728	0.7047305240912314
0.24499288282228338	0.49333493677076024	0.18816421304254705
0.5751434305614755	0.8170618649949961	0.40513918569011065
0.5929513830237139	0.3499567780784494	0.15230877543291177
0.7106193933711151	0.04825662998686309	0.03059143396172881
0.7006806954724261	0.1308634381772823	0.23186099804969795
0.13559878372376355	0.992568905951293	0.18263055690052477
0.5574614336075577	0.9053430547022525	0.30485132439157214
0.8693701509026716	0.926769644900391	0.3328793745680436
0.1385206719412233	0.24740142991195557	0.7861315703041735
0.7422496250322871	0.5643247547083993	0.2452145678577764
0.7516138535758802	0.33170671283060915	0.10319810344551672
0.7007676527487262	0.1924807521659221	0.8269176399626177
0.699864387531927	0.6998172592189138	0.07021084714029702
0.14798429922396084	0.5208418384801649	0.9477357461253946
0.01867977698218415	0.7841603354480275	0.7621847057867178
0.08793112074289289	0.1208620139938541	0.39143105844745074
0.38764548919510045	0.5919004330541906	0.08838083024695687
0.9806629691442464	0.7345446459821657	0.08911090664345322
0.5824624160381706	0.9478180733542029	0.22248515470076113
0.7793177593289505	0.22832655961537984	0.11276750687842196
0.9791521104766199	0.8755912794155895	0.4697731325062453
0.8795279633655981	0.05778788661062262	0.8632398861376095
0.7866996580133181	0.6082833306682609	0.06253568891948025
0.7279800492535863	0.955512348884052	0.2983433683689256
0.42069579624367237	0.20611804304720738	0.9708694105820055
0.7212299321991873	0.24503994440175525	0.5401723108584059
0.9669215213085381	0.21437055602425403	0.7146815722840926
0.18527967139465906	0.9771916941673662	0.4484181405394416
0.16960041495460298	0.4048922322366356	0.6544629058486128
0.6150046807713537	0.6617721201938627	0.718686298481308
0.1355181618297019	0.6467758852553706	0.534954812586216
0.7212684789581211	0.08030482030680541	0.2778426901109796
0.7155362039342599	0.8771781204504487	0.5410713171501984
0.9803248127388309	0.7884463097262524	0.5158495888902389
0.7242505330674126	0.07145026489031325	0.6049926001262927
0.3996116181790018	0.8963415758883878	0.5757141666908918
0.12357556663152425	0.9184654075358013	0.6547673626956506
0.7478890350360368	0.41959487617404356	0.177296623646781
0.5356624311711552	0.5152178407918269	0.31745727786343836
0.9843412640709985	0.4627721435839507	0.48091027120031893
0.8954490864141179	0.024138825838408984	0.8551201997470343
0.5461013199753825	0.19333807765541666	0.303870513922631
0.30582926137030597	0.6537213310160916	0.8129205648704027
0.2988942006965476	0.6204544580358006	0.6352642171716386
0.7433314556209186	0.09145218013510303	0.6604175549858375
0.6502311721856037	0.6657862949418445	0.1959413318297567
0.8756053400333026	0.24806514428819182	0.19652633635577976
0.694799818555328	0.6299222220012641	0.6536810099329559
0.012088714227486808	0.7709783076593241	0.42456433479276323
0.48023495957010154	0.56762550337671	0.7161277504901509
0.9060082401962782	0.706566513000991	0.16684759127866788
0.018049930740381526	0.10918427125475039	0.42178443720433445
0.47126979824334925	0.1866209741289533	0.7310312110535166
0.5357579062958833	0.14678607835177737	0.5643119621945523
0.3556051355976311	0.38181306441082175	0.23720499801204098
0.48559512935404325	0.45914224985983654	0.8967237708627759
0.027226988355609105	0.798938159341188	0.7119519080696091
0.8531248852259932	0.6114468324821427	0.945752506856533
0.5637426865555532	0.44076539358354827	0.1213159439590884
0.5025770008277926	0.34996056528525743	0.3455575821308423
0.5786011114382623	0.335940602840173	0.1889454627846724
0.35916747963180373	0.641727350195866	0.29376359657637197
0.7531885169040357	0.4669314076333815	0.09049465431723447
0.6628193517918798	0.5926988477257407	0.3081716106895811
0.7550094585519453	0.4586937439015304	0.06446589834518357
0.8805238961872202	0.736273627424779	0.9828432033252978
0.07922909738602768	0.3686787760509428	0.18872497306173497
0.9807657388757626	0.8152437127849989	0.017976633279999543
0.6391253462091032	0.1659645704569045	0.26845826853452914
0.044587054143139127	0.8015432205295345	0.8362967776378928
0.009495221739149406	0.6765405112623157	0.11477999125419924
0.802464554550678	0.8000533425699279	0.553670942953853
0.7764402534454583	0.8728197727869453	0.7848268382463487
0.8795655922886715	0.8769481539390654	0.6943174519390946
0.8197628034437766	0.9149083349388404	0.3471631833842872
0.8363670395777898	0.12345473569152954	0.6291417620719308
0.8248508615912787	0.6224951337209922	0.8456973688274217
0.5861615082385989	0.21811476327896484	0.3641469527323251
0.335703418834264	0.4297966897035872	0.6979980651363759
0.33161773668883765	0.8622105343551949	0.6561183309440572
0.08781482183103417	0.009020125440094784	0.28868249243230704
0.7121569568663535	0.13337182928953195	0.9233566004237456
0.739035607780649	0.8444001619986259	0.9360944417898585
0.6121809058882935	0.6027979559823983	0.5354789983512548
0.9101706627764155	0.09999611947878329	0.3233353026602982
0.8137422803981531	0.9851794481100216	0.59045091425841
0.2887542376164569	0.19795579916211936	0.4172711764756418
0.9495603637325222	0.8023201437185445	0.5481534380348355
0.4948191498728153	0.9545904825846916	0.5477030200038228
0.6337057442504895	0.6285631120889333	0.213911024074663
0.18409211858669994	0.8009605988146252	0.801616879629465
0.12503441493787215	0.7071956151900616	0.725349931242295
0.12131427940869544	0.23122263336324167	0.9943694331890154
0.8666452582285082	0.26271838581071394	0.8614585487275378
0.5155944420340883	0.911083977120863	0.9227215267455042
0.9942416570681472	0.5367491258435904	0.1803774432600963
0.01401433128777041	0.8725827522756087	0.2676005643398025
0.7151508303932836	0.2198039324079274	0.015735425892198673
0.31416334519701095	0.49915382406281295	0.7030132890053676
0.9226173386432122	0.4835529103992128	0.08062061225412365
0.2177945578640086	0.9425372589153546	0.4591857415867855
0.6684459106292443	0.6065414356178751	0.5007585830174895
0.11515597558105573	0.6333838865147984	0.6821870324332274
0.10959402522478356	0.2708443357439704	0.22826490744696593
0.7934249242672785	0.370139839352873	0.5002917404405928
0.2562646276817542	0.9495931238737476	0.47542254473043233
0.2055968301423159	0.3625492515174823	0.2423117707333189
0.56264463647737	0.5395725836328479	0.6021588622686789
0.4425675572631853	0.6303806067422435	0.9201248833685182
0.9457811608634293	0.07478874980686678	0.6359875117509127
0.8172909146543911	0.42510564760666203	0.9735565420115155
0.8191595807033663	0.21360340967745461	0.6907384647698366
0.3139503670848234	0.2594695659833389	0.6394221641348984
0.8581963557869426	0.37312577021544835	0.16890412198402815
0.967101297447117	0.6512878715212449	0.8285753657847204
0.4448142071264183	0.21133732609017053	0.0172285321193949
0.22762484538179162	0.5643657757670574	0.4277695863453812
0.584126071540348	0.3730676624139557	0.9884900291945862
0.4278809373492005	0.5590107502268067	0.7614435992553286
0.8614964662174655	0.43547362358319464	0.9233748242393729
0.8833175508714488	0.9419264354898321	0.9984713516686472
0.07322445748661743	0.14901729303163092	0.3808881300746929
0.43952539552851444	0.37193621042302716	0.43863959943007436
0.17602896003598567	0.8798791117909157	0.4367493446988794
0.79173636185601	0.8724648469383786	0.40317189195390535
0.36351453383036025	0.5499435048607522	0.35639976963797393
0.23933965856101447	0.5093581666368859	0.3449172593047716
0.3928336881333514	0.9434964069972839	0.8992108524886867
0.6842939779692643	0.8956702781195552	0.42065700737283584
0.799687644216776	0.5299907089504904	0.786700435259031
0.3043885521523343	0.5125966011151765	0.18601628988512564
0.6993515861231	0.6359541616734506	0.9803913674919777
0.01706324170463458	0.7137564573641592	0.010239222266409165
0.3671724118991343	0.004503113789325663	0.7716095513650525
0.35572700555477454	0.3813810396361601	0.9130087954258336
0.41244326293049804	0.29801722118501284	0.740118468240699
0.8888796713998756	0.997370016466131	0.6198573632048093
0.8400625399140964	0.6402461735307333	0.6420003227024235
0.675383244128299	0.39624256583421114	0.9596827071432703
0.6671612153167367	0.7422420939076869	0.5374726168128886
0.24135877401728345	0.4942033426477205	0.20249770737184325
0.6060322529248846	0.8177100981651261	0.5610990862623046
0.13169387311181635	0.6992229352021159	0.39471301893675015
0.01619827761270587	0.3451788748257606	0.8117172166764485
0.6001969732853869	0.6584218499673953	0.20177046120013642
0.29015731104709674	0.6762313965354004	0.8358381084947915
0.49706710898275697	0.19524802670807329	0.6444749031822036
0.7889802880484146	0.5921882073393213	0.08162874578512114
0.8524765833550542	0.23092805347522416	0.5184518671925388
0.6520978721248274	0.6692700125581363	0.7930897301564743
0.17447641867858943	0.720302235449871	0.24020298319654254
0.333786005167119	0.8894173973930379	0.9247931125273328
0.6337968373431061	0.006150178149701202	0.5645287371557327
0.6773896611800837	0.41753156163940386	0.4125238120674539
0.3249637915087814	0.9000791675661576	0.6848034573127779
0.1344407165975352	0.11470758048631235	0.20722328009005753
0.8219046781003033	0.4204563973338218	0.9497590600742183
0.3236278859015812	0.8517248687378347	0.8384944072883289
0.6081581546720864	0.6940735494433501	0.019976861178734318
0.2550442066147366	0.3801790725568477	0.4361926573639462
0.40010029880617937	0.5904602565670428	0.1279882063633241
0.016118048976428656	0.6845978343917147	0.41777576188745225
0.31129113869667213	0.2851175805385887	0.0034110762562314934
0.6218578943808047	0.8239697765419136	0.8054674652816192
0.56404416272913	0.016396550639571017	0.45643788907230154
0.7151068378118527	0.14349506543716573	0.028131829530608554
0.5494189673977243	0.7331548890060533	0.9786556557680852
0.3008899917176947	0.9370773717712655	0.2921605826515964
0.3996940174639345	0.34641124038188753	0.5909104979551926
0.1979948730637009	0.6300327562168827	0.1746174745892003
0.47053570299989356	0.6645835433127634	0.536890166057889
0.1728814130235965	0.9634827250464646	0.048218271649185795
0.7579512507926658	0.3720231015816813	0.9533287473038652
0.11497274459897433	0.5525881460693572	0.6361735237360179
0.9939897785281951	0.21478921139292528	0.9301505546550883
0.2443096455583993	0.2877087107493732	0.3070903656061943
0.0931985697235761	0.7931783934691858	0.16525680771330176
0.3853104454142916	1.5172003553209912E-4	0.3444920902017663
0.5490921599889043	0.48152814253001486	0.8996796291589786
0.2636911719624657	0.4436948761560646	0.09742346396407497
0.018261472438298565	0.25323469166849444	0.8420257305411927
0.6040695356282809	0.19269263561613736	0.6702925419542793
0.5630313602008389	0.8806092324333372	0.13091862621897288
0.3368781001517902	0.442345448613483	0.22065592785957044
0.15742825872714084	0.6998732148479985	0.9868124703891578
0.3252963402018697	0.7535389221460651	0.3790626067740974
0.07318638428107216	0.02286296253054776	0.9382591899991846
0.8532075243498349	0.5223339672023299	0.20818222993766555
0.5520147356086742	0.2773538233777689	0.41249852309936674
0.37779357804534197	0.8033758225788031	0.19898274788371717
0.808656354958183	0.052674342974686095	0.01802570552686089
0.24627718101213703	0.17972529829194261	0.32629354161616775
0.389561036468973	0.6986902528716261	0.15136067749311932
0.7533570217436857	0.6733168592873456	0.21816713000126708
0.3993009164590019	0.8033962262928523	0.18726049502099662
0.9187845984954797	0.42670151982310356	0.1433904162875057
0.1881000229908948	0.38323780737047686	0.6886228071910064
0.08490258963268127	0.6761044897193352	0.1965169358981984
0.027813004138620645	0.6337479734430825	0.9487351593892391
0.06028091295487337	0.6681554561917511	0.7140024650688751
0.7710377018283966	0.5758492621231358	0.07562443648128714
0.3031984949512593	0.8598477580740131	0.3393974631104424
0.8413217511299829	0.41184387680774914	0.48921325319557185
0.07985501393273742	0.36714150421586444	0.06793896309703473
0.4160384807113039	0.18816931981313423	0.5418382860883415
0.7259561391355815	0.9978069900964348	0.13601319010496193
0.7837495837878082	0.8097846640337234	0.3283411784337191
0.9626770374066123	0.7961505973665357	0.4204334137123369
0.4529085735820735	0.22080151070007148	0.13219527494694117
0.5918225466233402	0.24058607277942734	0.5147700663451382
0.19862500747553058	0.8617845676896599	0.2896453723685297
0.03999519839929566	0.6409022217384815	0.34043429479261755
0.3208235690895711	0.3369957593347126	0.14715277440817554
0.9043559391750604	0.8736956050684498	0.8110776578177767
0.5842779697413674	0.622595267303807	0.7629656055122134
0.43659315216371963	0.036823260275954284	0.02923300934189277
0.6743468097613062	0.4641691387044026	0.757667435567369
0.3973555519716748	0.4838004461084723	0.879958091286065
0.25932222617921663	0.7405274014425423	0.3692560504493899
0.8278797259861589	0.7756099094642824	0.8704093552810682
0.5505372475143011	0.19898567299747472	0.10571134900238532
0.47295528798080433	0.5410679756488387	0.1164929139329609
0.41605536820237465	0.8306591607009769	0.1240367472378221
0.10069657371852547	0.9202453873764638	0.5146137231584168
0.8760470567065122	0.28488604034537135	0.4831965347996333
0.09768054137333992	0.9528841571765108	0.17155303505939645
0.10288324896252887	0.6988607359825731	0.024880217949528327
0.06759366667781108	0.9115729018492467	0.958994351045166
0.7034605582800766	0.5178712843455899	0.8081490808247312
0.8692059172162127	0.5358062384123345	0.7684203960665059
0.0841030283449965	0.7260521118669908	0.6611691854171408
0.5337362958406445	0.4379997766075191	0.3711173430084981
0.5202278317743256	0.11700917792187338	0.586701229910443
0.7878411217605654	0.5879727121070414	0.23782521885966745
0.276355029736187	0.07465133741927454	0.960963164232491
0.758771523999368	0.8721351734932594	0.7910153756502788
0.7713977826138361	0.8705458473962898	0.8629462145967584
0.6818112072475678	0.8232925753810715	0.19458567715790764
0.555780086648662	0.8254586966013401	0.5501630724271854
0.692896107279585	0.9541404260799784	0.32254125021223756
0.37895701595355114	0.23666909066467512	0.31592663636567864
0.7441861935109657	0.8515871916824138	0.1784512409573541
0.16839583278555548	0.6932622071477456	0.40326440708321565
0.29703166903734757	0.6212978820863961	0.9964903147357254
0.5259326603903657	0.039884434954324255	0.6640046966231713
0.24185461572534883	0.155460278475413	0.07491558439016843
0.7584322610143809	0.6032378899727755	0.5128419645555494
0.781427473244114	0.44677999803955826	0.15299593088887298
0.3025185101681376	0.4596282757371045	0.8815883307373796
0.15322415410665102	0.12502237653860448	0.7186776905747329
0.15534263800635562	0.13775817498917953	0.19650906426529424
0.7151747804946295	0.05782781747856247	0.9494903167026986
0.9843354965875184	0.6571571905882836	0.42166432898359607
0.2813718263442898	0.16569847916519997	0.2630955958554452
0.5299331792891533	0.684510603803596	0.3954477146058908
0.6710309082484338	0.1545238090952078	0.4530626868575388
0.7295394240728132	0.6299163012320669	0.6698158227147761
0.27315528355597807	0.1921981227773779	0.673389473965749
0.34353121605989967	0.0318676236852341	0.8977058835303716
0.3756154300142287	0.3450712791059114	0.722335743884643
0.341839832245454	0.7195034067803872	0.2313780837504641
0.952335560507747	0.9633298897753176	0.06951638225477907
0.6713377249739498	0.16623809648845844	0.8423112021158818
0.23445466104747237	0.9519684461253751	0.3240200380786026
0.45059605228522803	0.6300102465076336	0.37311383218827265
0.4460511146051196	0.6976929265304477	0.6065518528189736
0.9820875055773347	0.12866951843981989	0.12685051012378246
0.5945150318598107	0.22569239947107123	0.8630954333042943
0.007007599838062317	0.8379355107423685	0.004264296666383616
0.7490216705216851	0.23937999765394258	0.136078394447956
0.30086595215100964	0.9842596036894719	0.45151772796352596
0.19377946160308424	0.02848434779681075	0.33310783386694653
0.3870178205957314	0.893029292446156	0.9890606647748974
0.6286495497884386	0.715678426020446	0.041494613374606804
0.8704087047502532	0.24797418877026056	0.6867326490616212
0.9280855420567355	0.020554473163509335	0.41435780182365944
0.6269013588644748	0.3213415662782163	0.3337555645033805
0.12672546449442768	0.1453563508522121	0.38332287985419544
0.9584362893042644	0.49425846604662294	0.049285844258390554
0.3398580092424365	0.6945007118792008	0.2627977809094718
0.39660744964804695	0.6474123922552754	0.8859618801930959
0.35973440168497595	0.8164734145748653	0.8275073844182196
0.33455320862605964	0.3553666861841024	0.21356612590643864
0.10153198452052414	0.2609631377537107	0.8412427514510191
0.2387823900077971	0.4519550528114362	0.6225621921972423
0.8597967400064506	0.45675708432883355	0.7603586383016516
0.15996672562966363	0.6846250204889086	0.9697782004245034
0.2283780041044371	0.3895114796944086	0.44703883162349134
0.36799668999532753	0.37454734620688424	0.38467853940480057
0.33206825999106926	0.26743631430345793	0.518214634300899
0.5967578565995137	0.32588150021965534	0.3701604213603761
0.8111031371224707	0.15349004800388366	0.7866230660734225
0.935053385229998	0.557760671518625	0.04416966380205867
0.4319624692757833	0.7830270794592171	0.7780525650502965
0.35066296027953325	0.689185300317225	0.4770633775371361
0.708017527695352	0.21602145078761303	0.7374467443853147
0.11535579406846819	0.20982042699924564	0.5558482323832358
0.9868471010060894	0.25491472114815916	0.8671993278955884
0.6123015543636137	0.18527750852060443	0.8433523034233187
0.8797187308907777	0.3265959567840975	0.8215240095095956
0.6781646686122808	0.7373049769399223	0.16308822922735244
0.00190584385129422	0.8356805556853608	0.05595335864139217
0.4565120218732266	0.5177642055251592	0.715947239666158
0.8861612989779856	0.5736510630922838	0.39240592388956486
0.8351759672024476	0.2675552740190975	0.1817182543807767
0.7986459529232474	0.2639709039607956	0.7963437065840617
0.6979336677560163	0.8718815038985193	0.6574167359319086
0.496642130218487	0.5582717621801772	0.6086698385034749
0.1522024096383895	0.34238045734826517	0.2880739988465091
0.7370704203937496	0.016309090583099484	0.36341691068470283
0.4832002269594903	0.17255191285725213	0.828392766837605
0.38764697689402094	0.7176184371908665	0.43205275631098294
0.13684313462093078	0.12030942087798635	0.08180900589545104
0.1688237419498133	0.002601860867063155	0.4423563137453538
0.526086185708929	0.8119695987366969	0.5651752625439042
0.5216671527503886	0.4339165310398071	0.14714611191664306
0.7878776966749511	0.5740520038090389	0.8825396602906385
0.5586580532251807	0.8361934872033366	0.8854018835187222
0.8616742306319649	0.5682421796202972	0.12224702502601359
0.012009670665444339	0.3158178681436299	0.25210916592744925
0.9087220355569064	0.9129977630955248	0.2516270065621441
0.09535655069231286	0.5071727485168105	0.13695358727905416
0.3090883105089951	0.851654752831615	0.5285210822366284
0.08428782545682578	0.13367090198097764	0.01614647248697365
0.3476353868317229	0.7974943241568241	0.6063742318683201
0.5907895265698024	0.9292385371179352	0.6934045963520952
0.4895638219164058	0.9239114970117583	0.4289938429083969
0.14469404484148762	0.3287129984090983	0.5395347212568868
0.5314693613892004	0.8423112334462691	0.5136457695304502
0.03706767460136673	0.3157826376564009	0.42616513418370805
0.24760227140942936	0.33824953876091657	0.5500793506601227
0.9583197132148383	0.7984249004609678	0.7857725663449247
0.7076011156681064	0.43110927907373986	0.813389884968978
0.8567964008036634	0.6699490756751432	0.6520018673825417
0.6676853884943961	0.5446076203210037	0.03725136488247205
0.527702202788756	0.7862639223837462	0.782966680468448
0.20029465839999516	0.9818997608749113	0.6297736061802642
0.6402236110541876	0.8462807475215155	0.4842312694940504
0.5674989825480203	0.39407280065613737	0.3677213944225235
0.44244178776791465	0.173718859502641	0.012856082128593349
0.7230857331060861	0.5153914953304022	0.5786153318467242
0.015613156999624733	0.6581665492585854	0.24147041841139893
0.3808446214257514	0.16061624550292042	0.838732759507371
0.24514663873342635	0.2861065529419282	0.9209160284491686
0.3678875406698453	0.6837880710691285	0.07452694301318441
0.24546435941882117	0.3656527159831985	0.5275615099142233
0.7193925572800985	0.6756686424662612	0.7736517675290506
0.7271273318237633	0.4807560390919916	0.4897713439209713
0.31436528824563326	0.31701155374896595	0.5796538185929966
0.18123793801801202	0.582284438900632	0.02695170551692827
0.622157272675681	0.24237494807547588	0.5733892454188669
0.029176374997957222	0.2872032993380429	0.9206889325393941
0.5697304478053784	0.036493173626783726	0.9181279150970154
0.3430369655124692	0.18749502069260549	0.08422292482566995
0.565052039109762	0.16140710939547176	0.5697867848980612
0.978432853611957	0.7137459284163634	0.66420749200458
0.1594558666956346	0.5735850994986894	0.40632507813379914
0.11823111199056668	0.22266138006456504	0.7546309536678575
0.7101068415827071	0.9590025056402798	0.31045382563605506
0.24174568629990634	0.52318358801758	0.3310019002861584
0.14351523224584928	0.11031229507249507	0.5187452276833739
0.39430112838223685	0.9842965791660319	0.22442704245743306
0.6249095773952965	0.7604347229297035	0.42114329081220414
0.619113633320726	0.8127968165066968	0.39786888682259836
0.6306017681948382	0.2345965836876207	0.12280955873135257
0.3562199638986221	0.6069509860480271	0.30539908747694877
0.7975576677972807	0.6984128764399029	0.552104795453972
0.13769372892097187	0.1095931788415041	0.10125943292847128
0.6043824606664521	0.9702498716922725	0.9730964915821445
0.6874754079398695	0.3512462763550329	0.10748396802839333
0.7108833409568583	0.785943927661557	0.11895648349264276
0.5375345712609549	0.4115763993863877	0.4820724050632148
0.861195769342329	0.8039468555787753	0.15651382834054617
0.016378778346035294	0.5790667156332727	0.9864662242173557
0.02194253779509514	0.31698240973642433	0.596467526597803
0.26460391782030857	0.16927075611655695	0.2104632700769794
0.6877023773262283	0.6870525626069137	0.524631523101684
0.14559303764333797	0.008285052762443179	0.4506925681113694
0.5187342263990008	0.5857302287263696	0.015245426994512479
0.20484539876091024	0.10895925515927574	0.578210479323154
0.07985020508118712	0.6395927406996995	0.8378761781051572
0.39285246276560626	0.29350085949193216	0.8913958012811711
0.995843051527037	0.5367389718290961	0.04667343637096821
0.10491195809610265	0.05007100770625461	0.8987214754095731
0.321115974294222	0.826820844898793	0.37851459807168797
0.25463579880044895	0.2771213985066522	0.7756355195896426
0.004174959749918106	0.8730055490677853	0.6405451386668051
0.9308886608694336	0.463879858281797	0.5010487663339449
0.5983379043274851	0.815747801822046	0.16533049832978086
0.5820929518077727	0.3967162914436134	0.30902759442099204
0.5871822064870622	0.15804174976011165	0.6026948307372497
0.31573102369216755	0.45915227673438896	0.5443266302087578
0.0375551536546227	0.1496660990586729	0.6226249942954234
0.5298150873472104	0.7199289832524923	0.5373476825750596
0.6169504321631509	0.550436697104322	0.7665238163196203
0.7393093158042914	0.16260991229775312	0.012826751314500284
0.09012124400169785	0.4031129172689557	0.6196480090059815
0.7030768923276022	0.9073296045906342	0.41175885541610147
0.18824721479193984	0.005720662395526377	0.5226743140024174
0.1718631313145773	0.08804814071684108	0.4793713622106198
0.5909606277902216	0.49788172421542753	0.2037943260383026
0.1879684136092925	0.07644515565238819	0.4918270203413696
0.7171079800423356	0.07037779439024794	0.4252042349030104
0.5923349488192822	0.05767875423712088	0.5461305683143427
0.04618849841571582	0.2726052551286847	0.10187483627222371
0.5013735144427413	0.056804703111305255	0.7036520266697669
0.9227618093884759	0.7766438950611577	0.3904676999046731
0.06746512049871178	0.5527414571189339	0.28687039463482056
0.7864162522722821	0.10409731807518097	0.1584993417978302
0.9440406670649882	0.8861890645678636	0.907356398982077
0.7476762491690635	0.624265188763816	0.6465077203781636
0.9456948866332479	0.027655572704449627	0.5235064558697583
0.5449159345370466	0.7780546727130403	0.3190848604239007
0.38003116572660256	0.6023751940625738	0.958837821794998
0.49022652436873515	0.2066823905629649	0.0761189156136931
0.1818382654399885	0.7229594329620049	0.3723577079438968
0.7864187876334346	0.7998844088786835	0.547229128546151
0.09961840896975716	0.4325182176714426	0.47510515457034275
0.9879716735694024	0.7041437696313898	0.9258397976403774
0.8641474112602647	0.8570122152100119	0.19178365845063594
0.7226747779293333	0.9233361272896454	0.19216593861172504
0.15025167477977008	0.373914627622707	0.6306825543783608
0.5967459149362317	0.22504016294902385	0.025985885601655268
0.6648102797059448	0.7649087715664903	0.8529273510007882
0.4050013747697656	0.8552826625447195	0.7917453862396536
0.3414862044857898	0.89524208813801	0.024479319323757354
0.9617510224346275	0.8292933524415459	0.6834359574274719
0.1780836052533239	0.5852852597140319	0.1390756028022031
0.5819011944169715	0.8694067027435032	0.10985878628377144
0.04482087968287174	0.06647323559862861	0.9621883475169976
0.17156117965186435	0.01391900607227603	0.2692359986447397
0.9471780763412712	0.47166940190113604	0.056687112571061404
0.15143011512948268	0.4297151342647584	0.3644544252142118
0.9181736967609334	0.8485115626739246	0.39868898476958636
0.8244289042706832	0.48092387763433053	0.22718645280857852
0.41167651311071196	0.0247561631900568	0.9124279882960662
0.023348777351399286	0.8867164714962295	0.10326697068672286
0.7872643311117085	0.5401999707594286	0.27809494985625516
0.8185071877554692	0.1414863962559425	0.7774299735551339
0.03168057347468112	0.7054658063727242	0.1755933439695918
0.03519188397213224	0.8647616441788326	0.02910990043780637
0.1124620993242873	0.4907032811772073	0.09600179027085987
0.3035790019668919	0.5379083816923974	0.9806589352654039
0.4630445457381749	0.39586831863998984	0.4040826725488278
0.23924160357045754	0.10846137165533265	0.265056875798515
0.759696825992852	0.13936844466659593	0.18915208129571603
0.20161267966557128	0.18611548149574697	0.06391280885841844
0.8699699451921227	0.026034355668381193	0.8646359575336554
0.3939924772831088	0.29925857072637485	0.08206461486414518
0.17781896570500177	0.24301690876845616	0.532151275679228
0.016937682089267936	0.7565220161926286	0.9880375354870995
0.26689777546317317	0.2795995576953688	0.92432599887327
0.8540471765650419	0.6901472367655224	0.9875662335689637
0.5623345952159892	0.7922256783212018	0.689030743518392
0.3140620101538577	0.5198656957305173	0.15973066926926838
0.18105007879399382	0.8293057484412458	0.8303423015041262
0.25648383902562155	0.337194223258382	0.2932906815305064
0.1567298902898484	0.6035050237851618	0.02936851278024688
0.24212896815579055	0.08715649716806007	0.9576971020332876
0.920135906933279	0.3360089823914718	0.1288902605558636
0.44958749130779596	0.2309336573233235	0.8440404012155347
0.5076387044236733	0.9033823899584553	0.37434269418235466
0.8297377908928188	0.16917286826356948	0.35279237182860246
0.3166512565990566	0.5706209719021419	0.7015685709182841
0.0014389552247969783	0.7488683333737995	0.49638620528006705
0.24889596207319076	0.39325349111571994	0.8875062981894005
0.46232912631822454	0.8709780744141957	0.3561316723729556
8.666235490885077E-4	0.48817699852496	0.21887731360403684
0.3612074573016807	0.5622262526334355	0.18721436105265
0.8420587372639229	0.3004634437372128	0.26823634856621126
0.9865625113004379	0.920717568032118	0.3269943022033758
0.029009398729618163	0.8966999630644193	0.725547551953472
0.3250932286213073	0.43578438698223854	0.02678784080716823
0.6472657072713116	0.7814317585966573	0.1427242255069764
0.26209033749557975	0.20949845520359922	0.3139554349683492
0.06131311711544185	0.5207569647950643	0.08117277218664698
0.8817191154688462	0.2589863376419179	0.7894602260987209
0.7383451338618132	0.7467374444251869	0.9780382404524736
0.7008585465344409	0.09044041124608582	0.5880273271545983
0.24651896699705989	0.7605810663296456	0.0821615753919479
0.7783712407641706	0.13974373143668994	0.4574073357517162
0.009870141289047618	0.7259312215208488	0.8692035841139732
0.39754151811928284	0.05002670498762052	0.35569541337376975
0.5250794929107421	0.29235757600818324	0.2873197164547008
0.2598403713475801	0.47922654097289685	0.0987178628608506
0.35139929114840174	0.7814438708594372	0.16740859661287077
0.8619446986152104	0.6236731391487835	0.31258470503812996
0.21272818669724947	0.8437509067455644	0.8594091860735281
0.38571736510282273	0.6266099785726728	0.3309114080905883
0.9854299416821718	0.7163110855296595	0.1293607972979297
0.11518541335786503	0.7799715520985643	0.21509433218408436
0.4692429249133917	0.010974461601124141	0.11882059283492508
0.12984734331943015	0.9871612917486514	0.9344284219919778
0.4806298797595222	0.8995370089543683	0.5734797468977232
0.006188552870007413	0.4443540081563149	0.007689642300220956
0.5941452170483378	0.8596825287548445	0.9830345008639111
0.10724924970681704	0.32521263054689986	0.8378633273225642
0.4607032806470871	0.9557698207827287	0.9280281310240148
0.04351074768755703	0.37296229039451456	0.2476423519104679
0.021741111824108317	0.2716898867948587	0.03683621413149296
0.2591585789476999	0.465480798475	0.6976887980023377
0.6317843872852388	0.3325647864641773	0.0494463936800047
0.8197329372386336	0.22129670891011333	0.6168611327538979
0.41232412824615283	0.5630012484026813	0.64328787376399
0.15595271512963882	0.6518586951810584	0.6399451091103967
0.4475431424167555	0.3688613024021997	0.7760704679966569
0.2316378637726002	0.3797575503979269	0.20205675101637655
0.3545239607771996	0.8058592984043433	0.26425029365934793
0.7505703350069605	0.47221726620848914	0.4198461307171759
0.5212243649342378	0.9424020012399723	0.3630760230719532
0.1691155952698261	0.9694808722117257	0.9598369585661637
0.9056994872330465	0.53849662761532	0.01178666932469008
0.4316369742862797	0.5009207632183708	0.28747884933873546
0.7776327609519764	0.07167443789027184	0.7189068112718258
0.1592169399954676	0.30691014032078423	0.3624281155314022
0.5029381462371079	0.1410033716482776	0.3980685921077838
0.08586147975858405	0.647672250958789	0.2237509284561381
0.31561340974568997	0.9895559036274745	0.7316087275340206
0.6090006062176768	0.15433363914456877	0.6425726164019829
0.6766380748792786	0.09419926600892226	0.29144484494902456
0.5833688018174473	0.6319706196723388	0.9304664872311266
0.02286823427493423	0.19119487732797624	0.9354053791204693
0.7917974038653202	0.1761572200768473	0.32275154078129953
0.4918133741157572	0.6206244415453839	0.2201212380175933
0.6474866244560734	0.026873696377122225	0.02188773936175492
0.14998639666576352	0.7877636023937825	0.3235147446457616
0.5662404022970464	0.21697048001164698	0.8242348464893424
0.7291768421465985	0.8327414968436779	0.39244025500461266
0.4621045374583137	0.9339270926433361	0.27236591998777493
0.3093566900638096	0.17056749529534299	0.2626209628538013
0.005887251665282478	0.307504091630182	0.9055620985558325
0.49871897625527184	0.48316592308701645	0.12403700999780087
0.6050765269229319	0.5630315889370321	0.5256018688960591
0.7171688361591283	0.5065995603029164	0.2075788251962576
0.64948708787062	0.6883643445131832	0.4779085056996176
0.2529154267674336	0.7252203920099427	0.7771881165580351
0.9752384540271284	0.7966866082854204	0.9658231534680638
0.9429989768989886	0.9469785904981526	0.2518433273545546
0.9579209884244085	0.6189708613299144	0.9863929475928617
0.03485977707030663	0.949333626124423	0.8264583725332892
0.3034643518351078	0.2174608437135429	0.8896411965926241
0.9715151175417923	0.63381214953972	0.47977983222122844
0.7835717690655432	0.310411752476246	0.031735603968568005
0.25853240506456965	0.7617819465944651	0.267289735918785
0.6047865608161159	0.0707056097844504	0.899578403928936
0.014625576154627229	0.6388765590966594	0.6114253483766375
0.2213551295429218	0.9859701607228478	0.235774975621868
0.3740798202416551	0.5169976213145345	0.28046594175062745
0.5389564952746287	0.22144026010947016	0.5662315975336409
0.23993429763877183	0.85910792798261	0.5484346617926815
0.11787090406608747	0.8318646020865206	0.5272052228004462
0.4203937420057635	0.5031452576954158	0.8554249879582523
0.1009242612412744	0.3450032419746515	0.07576542556120014
0.4026545226615932	0.6292495034337454	0.14185980791833996
0.766109881299053	0.45328520384563387	0.04049661161565832
0.7104426066827351	0.9128933469957673	0.9591812400486358
0.3605668934625884	0.3654762415913201	0.19290474596784213
0.28317230671164584	0.3911024500625605	0.8080749691446395
0.9078778684902268	0.3970964613964989	0.6813130532241615
0.7317222192374022	0.10728538176976987	0.8151574313246633
0.11259682377478608	0.5240532582890385	0.026822716442345684
0.8412400067837993	0.18167880782937285	0.5185732809612055
0.10457560628993079	0.34261655375264777	0.11584279335099346
0.7748570500688035	0.400340874108033	0.9275163638069308
0.28293329227010267	0.4214400219259896	0.5882972610243058
0.10031908969846559	0.9691563253628711	0.18252563447860404
0.8191992452854716	0.695672082807334	0.4893093240980444
0.8277967288747418	0.6554936330276866	0.6516207824874132
0.7669213457869768	0.9340338273423244	0.9712351102381271
0.9718804534845311	0.9758874486125971	0.5279062807488764
0.17840324982839684	0.5486664963016485	0.5705315724646927
0.8912173317639255	0.3922009817755395	0.3700393709249198
0.04763458367991047	0.053047278245219154	0.18013965156298106
0.5195098601848739	0.08181525674072454	0.26765350418636
0.3531937876826814	0.29068891374921413	0.2547538059780894
0.08265014573761564	0.8520341189161516	0.6860554156648725
0.4590990128593435	0.4389040691818499	0.15732481605343462
0.5464548329811703	0.19950146656098233	0.6117479841393181
0.8102969384674256	0.5667298782411143	0.43606721544608607
0.7025257943803234	0.5682867147974179	0.4929241837678444
0.3196276634454972	0.8201486573621735	0.4396541020733554
0.8677886647739386	0.15357280837798415	0.05425551319713251
0.3434735422914632	0.793859216597632	0.18359678810609192
0.8347343305330192	0.42161499953504056	0.3171638276359462
0.3645562959426837	0.29677582714181117	0.0943105404245822
0.19965594641085105	0.08274373399712898	0.8262946818529886
0.795027949025763	0.044759897839399376	0.9222286478308154
0.04746739108125564	0.9464493364350788	0.9679537472171165
0.9555227447570616	0.13230017762348922	0.14657948960688216
0.26310351722994196	0.7116748516090727	0.4615544783175387
0.7224853416461962	0.805301861623047	0.9290045721715268
0.34702125234494063	0.7788938407225754	0.25225360782959505
0.43503389637242573	0.7370497661066411	0.6198533142692755
0.45878940385255007	0.012778556470864677	0.5704003273044232
0.9538885349579487	0.9028777572536673	0.9104118541676978
0.7179047032021845	0.606557325389592	0.33654496173006276
0.730415589611782	0.2570820699740669	0.5590428301167772
0.3214015161304691	0.7946839993491301	0.16177170552425468
0.007391564690422792	0.7860121601421565	0.7236484921622921
0.357009043703168	0.7942350037609501	0.25113674093388727
0.8903423567866771	0.48878435527288466	0.0033079791613542797
0.9089071349856923	0.6144259358030044	0.6889882170810916
0.7268044433638833	0.31329504485835846	0.4465450288695886
0.0777620209496378	0.016587233500445442	0.0417646749987064
0.6599960024796403	0.73863505777085	0.8124954473332581
0.3217928403235849	0.1145232228394486	0.4262449767493164
0.2044692015230929	0.28097874951421176	0.9861759220017791
0.32210126878628365	0.7299384339885148	0.17575413259608041
0.4675026636713495	0.740766371730008	0.533898948295993
0.68124408267555	0.4339640865732941	0.8069925716377698
0.12632497455955694	0.08361734694921275	0.24529517247634125
0.7737671942787203	0.16004497110258997	0.006304752923800505
0.30465050406987204	0.8318824825606754	0.12193302529493089
0.12275232649708867	0.7337172223037066	0.9735606493360439
0.08124545779272896	0.16091618772323468	0.5385821536275226
0.7158287619229615	0.6711584394698082	0.3884938501791739
0.9389910352493613	0.263752056644189	0.2930390698525842
0.6829268527102919	0.11273921909295848	0.9992983563662869
0.12770911203029545	0.2364980091966694	0.4672851147053192
0.01852051611848249	0.9139365675411244	0.9243857444617418
0.6922788203619453	0.8079074020183077	0.6116179494231067
0.3723274412002482	0.2695501715372922	0.05016873917931519
0.00558915112983438	0.8005820382215738	0.8212021063977921
0.9803823691008414	0.02573093539073701	0.7921719765970129
0.661806451406274	0.6753471654847546	0.060010290077372686
0.23592312644214963	0.18730117349388908	0.15214870020475735
0.8193265672375591	0.8286105845175683	0.2810393533437513
0.17635857763629814	0.37650692162646415	0.6855572877204489
0.746542097255558	0.23595303000683987	0.8465229258964002
0.8053213143720985	0.886858862508654	0.22394957916714242
0.8009762616634855	0.3616471847320435	0.7420401469843496
0.9909254951616788	0.9171283786295399	0.05464494917299323
0.16907964998278513	0.0779951856383464	0.5502248171331982
0.04320054250233729	0.9027836125010859	0.6214881103851274
0.8875927513883909	0.30190929752090834	0.9713776829078054
0.6324826631842659	0.09396538836367108	0.5983642577717715
0.35726230464019926	0.5975156524071534	0.38971451518038924
0.6704195498591626	0.5911797731374222	0.6212009611901832
0.3171486878467511	0.5980879853207289	0.04715730101269966
0.1371551991739799	0.5447607564121284	0.8110217972567106
0.06594231748978896	0.5505419553998979	0.4352857140064106
0.6500637276823179	0.6762476778953546	0.04371065421863107
0.2606558406357127	0.9101452500833002	0.6059754864104103
0.17581978108097707	0.38541687320098006	0.33184751136167356
0.4796911053172177	0.8379984408326825	0.9598954279086583
0.5802298450551242	0.5839689129648855	0.5875144203913654
0.6653846515932673	0.8520694450219581	0.34883399404702853
0.3775805692984624	0.8358415182263165	0.8864453666104417
0.7413754593467482	0.22384593533376318	0.8440654650561239
0.8186384290202124	0.09670772137532813	0.4042815672883061
0.9850553566005009	0.013608316608059945	0.5218090904679953
0.37608550299089294	0.2152173918899104	0.7428476850933707
0.8993671980895215	0.7113951265128238	0.013324032705487987
0.32720266575873447	0.6916131561460801	0.0030093836577405053
0.31759985610367725	0.1582875022374609	0.19822793845728082
0.8719871568904585	0.9630372544877819	0.8324110858608288
0.6577552679171547	0.920902477752791	0.29402148174877496
0.4834712558215939	0.5985579626717462	0.7197011236720366
0.659570451035781	0.2850624609741619	0.14320519864920778
0.6855171327377699	0.311972491530513	0.0070811481338266535
0.5492806116175328	0.02347215762691246	0.8243303786319318
0.45840229895512785	0.12995187922617346	0.7323940570935842
0.5184977733290347	0.6247398093568919	0.8392447896755133
0.047556089395890844	0.5521198099665995	0.31959210225733803
0.22981579381678718	0.5919510398348767	0.2519669655032849
0.2062139464005559	0.19511867817248318	0.9382796671495297
4.770557531512676E-4	0.11984392454009596	0.8932130491649392
0.24574619104985773	0.4833976622574977	0.7219564989635628
0.5160631595221963	0.12891817571223407	0.3886469359763811
0.6520965817708899	0.1160274864705303	0.9403216478169871
0.7099882315051099	0.5078933486908991	0.5303414640504545
0.20410690255525632	0.6538395088073172	0.18013948359389254
0.5547465823063545	0.02503412570904351	0.7735163092566252
0.2973608545348163	0.9090209144722895	0.915192288839405
0.362432317599774	0.7930905312989093	0.21001821494517148
0.6302785061053137	0.32625918729485415	0.899100684868444
0.1219232874645032	0.28792954618670363	0.7237730674987167
0.1891342344272814	0.08878384137681727	0.2525107724672131
0.9170925232425032	0.6502178245796582	0.570979987676568
0.01393248050425333	0.8042383952182528	0.14242635078815324
0.5051445280901656	0.5624765528532968	0.9204234482245052
0.023008399057389384	0.7861482183470273	0.5672821768796719
0.2892054274524818	0.15707132858147987	0.9301163718270077
0.003051321058650247	0.780614493779486	0.014563230550941553
0.7190443811213021	0.7377005625428437	0.39059200754385437
0.06207863933434721	0.5504310902809888	0.9930988489307453
0.29455436106869515	0.1980535676488261	0.4194511649095236
0.5216951219337438	0.7476222188170463	0.5512044666114964
0.9465384307073794	0.8037539249938503	0.9050320359931809
0.5646052535349738	0.6298542658076564	0.5630810863448743
0.4184730916535807	0.9215848615583652	0.5499664222859784
0.42353553705330527	0.22757026581695683	0.5346675129985071
0.0831652202722718	0.5842873945298195	0.3104589364506878
0.5150666439730239	0.7901958147291224	0.9786969585948463
0.2833749381598448	0.7677824524915792	0.5387865096390768
0.49985241147032844	0.6464096738273731	0.6161423015263507
0.09120491524161278	0.5252190037055163	0.16105613208858072
0.649661967301527	0.8421751723063946	0.15351603696956118
0.31489898582299736	0.8103951881785644	0.1278410694669867
0.2788522719331551	0.07977774724831665	0.5854777403499111
0.5430612977405409	0.8703140944063577	0.20197912883791358
0.057361192455071874	0.002175080483331149	0.5996153854184861
0.07649123489394782	0.4782711533445566	0.8574773778539728
0.2650815642629406	0.8520780457969503	0.9817131393768495
0.24999480403248453	0.2971547193418268	0.7899104634232655
0.021388817148914607	0.008755120881150602	0.9987705900138153
0.055715581032385164	0.13667420846702072	0.8375940724847941
0.07337229274231316	0.06388319011730315	0.6838503856326628
0.23264572565473152	0.42398979863653397	0.2116946365328709
0.24356666888175238	0.5590133719877897	0.16872805835914428
0.34281594072187627	0.5175547547486349	0.9817199308343939
0.31117104959660424	0.5614236781741895	0.6614020278226197
0.4938884029491982	0.5286226699568708	0.08180834227038947
0.16523073740529703	0.11420411266239172	0.09676983419224305
0.6430269744706772	0.5904190050372684	0.4360627173346616
0.056267032839458	0.644153107284884	0.6980388597722393
0.10240863403942801	0.3449055806722867	0.5628985070766217
0.7634753923126237	0.45312095781135575	0.7684450661924355
0.4088581543396529	0.16173003431177402	0.5459048451548204
0.3638483179809572	0.932356106939825	0.6292003821308257
0.9869984973370997	0.9205756476817375	0.0608467129471113
0.9602678073281768	0.5246066925953847	0.16875755866202402
0.5670518819965039	0.28081316362182185	0.1558242500953123
0.41748011679448227	0.2864921287182438	0.4558201076910128
0.5769135532338472	0.23208004004057592	0.2967952444405648
0.6345144221368594	0.16715247472714923	0.07626177673687018
0.3471432242079009	0.41402696355608437	0.33807015296366605
0.7130122810724902	0.4834447748197749	0.611356816248291
0.002739960781565909	0.5577031976797453	0.25329674513275
0.17345030000496242	0.1239002089328124	0.10743454182574907
0.09452526824477014	0.32650064381684296	0.7850251122386334
0.03258803683848144	0.5120729634389887	0.6681120683597953
0.9950697671021005	0.5097218971145324	0.4302259987977487
0.5397611062078831	0.48546461122169826	0.8993533793434123
0.6706507657419525	0.6820271404693248	0.08703647889984734
0.9278393167240394	0.8514367336913017	0.8713532258356499
0.8848845259310022	0.11947881619856893	0.12831854448388258
0.9646369728536459	0.24084145190012174	0.3431265009998715
0.10647731719739384	0.5367409378756854	0.9460016278707352
0.9870186879680356	0.939796825451215	0.0860504069484106
0.2198992551946931	0.4561789395568362	0.1041777954812031
0.604496150554113	0.008271521631819878	0.39868356892665846
0.582489492890039	0.16099788600749654	0.04794303476090378
0.31023153047687113	0.23096447767673356	0.031074600327809176
0.4652195683692397	0.9408774575673198	0.9103191062768332
0.8204052984426484	0.25328046105660595	0.23345065405624055
0.5596087329755615	0.976414363419333	0.8344110348728513
